35,5
35,3
35,2
35,1
35,0
34,5
34,4
34,3
34,2
34,1
34,0
33,4
33,3
33,2
33,1
33,0
32,7
32,6
32,5
32,4
32,3
32,2
32,1
32,0
31,4
31,3
31,2
31,1
31,0
30,4
30,3
30,2
30,1
30,0
29,4
29,3
29,2
29,1
29,0
27,4
27,3
27,2
27,1
27,0
26,4
26,3
26,2
26,1
26,0
25,4
25,3
25,2
25,1
25,0
21,4
21,3
21,2
21,1
21,0
19,3
19,2
19,1
19,0
18,4
18,3
18,2
18,1
18,0
8,4
8,3
8,2
8,1
8,0
6,4
6,3
6,2
6,1
6,0
5,3
5,2
5,1
5,0
4,3
4,2
4,1
4,0
3,6
3,5
3,4
3,3
3,2
3,1
3,0
2,5
2,4
2,3
2,2
2,1
2,0
1,3
1,2
1,1
1,0
0,437
0,412
0,407
0,324
0,243
0,9
0,0
0,1
0,399
0,300
0,417
0,299
0,398
0,298
0,397
0,297
0,416
0,296
0,396
0,295
0,431
0,294
0,395
0,293
0,394
0,292
0,415
0,291
0,393
0,290
0,430
0,289
0,392
0,288
0,391
0,287
0,390
0,286
0,389
0,285
0,388
0,284
0,429
0,283
0,387
0,282
0,414
0,281
0,386
0,280
0,385
0,279
0,384
0,278
0,383
0,277
0,382
0,276
0,428
0,275
0,381
0,274
0,427
0,273
0,380
0,272
0,379
0,271
0,378
0,270
36,0
36,1
36,3
36,4
37,0
37,1
37,3
37,5
37,6
38,1
38,2
38,4
39,0
39,1
39,3
39,4
39,6
39,7
39,9
40,0
40,1
40,3
40,4
41,1
41,3
41,4
42,1
42,2
42,4
42,5
42,6
42,3
42,0
41,2
41,0
40,2
39,10
39,8
39,5
39,2
38,5
38,3
38,0
37,4
37,2
36,5
36,2
0,377
0,269
0,376
0,268
0,413
0,267
0,375
0,266
0,411
0,265
0,374
0,264
0,373
0,263
0,426
0,262
0,372
0,261
0,436
0,260
0,371
0,259
0,370
0,258
0,369
0,257
0,368
0,256
0,367
0,255
0,425
0,254
0,366
0,253
0,424
0,252
0,365
0,251
0,364
0,250
0,363
0,249
0,362
0,248
0,361
0,247
0,246
0,360
0,245
0,423
0,244
0,359
0,242
0,358
0,241
0,435
0,240
0,357
0,239
0,422
0,238
0,356
0,237
0,355
0,236
0,354
0,235
0,353
0,234
0,352
0,233
0,421
0,232
0,351
0,231
0,434
0,230
0,350
0,229
0,349
0,228
0,348
0,227
0,347
0,226
0,346
0,225
0,410
0,224
0,345
0,223
0,433
0,222
0,344
0,221
0,343
0,220
0,432
0,219
0,342
0,218
0,409
0,217
0,341
0,216
0,340
0,215
0,339
0,214
0,338
0,213
0,337
0,212
0,420
0,211
0,336
0,210
0,408
0,209
0,335
0,208
0,334
0,207
0,419
0,206
0,333
0,205
0,405
0,204
0,332
0,203
0,331
0,202
0,330
0,201
0,329
0,200
0,328
0,199
0,418
0,198
0,327
0,197
0,404
0,196
0,326
0,195
0,325
0,194
0,323
0,193
0,322
0,192
0,321
0,63
0,320
0,62
0,403
0,61
0,319
0,60
0,402
0,59
0,318
0,58
0,317
0,57
0,401
0,56
0,316
0,55
0,400
0,54
0,315
0,53
0,314
0,52
0,313
0,51
0,312
0,50
0,311
0,49
0,310
0,48
0,309
0,47
0,308
0,46
0,307
0,45
0,301
0,6
0,5
0,304
0,303
0,306
0,305
0,302
0,12
0,406
0,10
0,8
0,11
0,4
0,2
0,3
0,7
