33,100
31,5
31,1
31,3
33,99
33,98
33,2
33,0
36,35
29,3
29,1
29,4
28,4
28,5
27,5
28,1
28,3
27,1
27,3
34,3
33,4
25,4
25,1
25,3
24,4
24,1
24,3
33,5
33,3
3,2
3,1
3,3
10,191
10,108
10,253
10,203
10,4
10,179
10,201
10,1
10,316
10,2
10,3
11,27
11,26
11,8
11,20
11,16
11,1
11,22
11,2
11,3
9,5
9,1
9,7
9,2
9,3
8,18
8,17
8,14
8,16
8,6
8,5
8,1
8,8
8,2
8,3
35,8
35,7
35,6
35,5
35,4
35,3
35,2
12,2
12,1
12,3
35,1
35,0
34,5
34,1
34,4
33,97
33,96
20,2
20,1
33,95
33,94
33,93
33,92
33,91
33,90
33,89
33,88
20,3
33,87
33,86
33,85
33,84
33,83
33,82
33,81
33,80
33,79
33,78
33,77
33,76
19,2
19,1
33,75
33,74
33,73
33,72
19,3
33,71
33,70
33,69
33,68
33,67
33,66
33,65
33,64
